add me
-1
-1
-1
-1

0
__________
add me
-1
-1
-1
-1

0
__________
er
-1
-1
-1
-1

0
__________
er
-1
-1
-1
-1

0
__________
er
-1
-1
-1
-1

0
__________
er
-1
-1
-1
-1

0
__________
er
-1
-1
-1
-1

0
__________
er
-1
-1
-1
-1

0
__________
er
-1
-1
-1
-1

0
__________
er
-1
-1
-1
-1

0
__________
er
-1
-1
-1
-1

0
__________
er
-1
-1
-1
-1

0
__________
er
-1
-1
-1
-1

0
__________
er
-1
-1
-1
-1

0
__________
er
-1
-1
-1
-1

0
__________
r
-1
-1
-1
-1

0
__________
redo
-1
-1
-1
-1

0
__________
